1		0.000647475340		0.976134563645
2		0.000527006617		0.976902593972
3		0.000383940885		0.985523382911
4		0.000658808447		0.977527351046
5		0.000443253165		0.982468687139
6		0.000570209908		0.978168077479
7		0.000586664541		0.977353106803
8		0.000640184406		0.976539867143
9		0.000692008516		0.977505228826
10		0.000702650433		0.973843018858
11		0.000625796145		0.977843382602
12		0.000594341756		0.980572275749
13		0.000515636011		0.982614089513
14		0.000587713624		0.976715252671
15		0.000553702000		0.979813680134
16		0.000507677534		0.980855126730
17		0.000554978018		0.979223028610
18		0.000711874169		0.976829281946
19		0.000571394652		0.976730222467
20		0.000709325565		0.975573348280
21		0.000687313493		0.975083458076
22		0.000417007848		0.982416957989
23		0.000645775798		0.979445495659
24		0.000532781537		0.981774673535
25		0.000532988064		0.980741901621
26		0.000446912805		0.982732817914
27		0.000523540379		0.981567744383
28		0.000643588920		0.975497684704
29		0.000522305507		0.979439432387
30		0.000528764640		0.981619717701
31		0.000556263010		0.979703543375
32		0.000380293799		0.984380593194
33		0.000559909999		0.981430202237
34		0.000517263228		0.981031297944
35		0.000651953438		0.976965429229
36		0.000422651362		0.984504900591
37		0.000541726959		0.979752167367
38		0.000615145678		0.978342153782
39		0.000448938211		0.982841503152
40		0.000455041162		0.982747299905
41		0.000545326335		0.980755991499
42		0.000654282461		0.979565038628
43		0.000429778914		0.980526763813
44		0.000524548172		0.981746669247
45		0.000410472140		0.983604919221
46		0.000601302217		0.978774021825
47		0.000459243195		0.982075210802
48		0.000726285837		0.976527624274
49		0.000326686926		0.987185883695
50		0.000565498032		0.980235062915
51		0.000546010031		0.978943129477
52		0.000561905783		0.981765371008
53		0.000555502738		0.981427323588
54		0.000559552234		0.980457392574
55		0.000473839607		0.981925051449
56		0.000526699716		0.979184325238
57		0.000680355824		0.975898955109
58		0.000602344796		0.977843814739
59		0.000454181123		0.982401257406
60		0.000729152362		0.974955188160
61		0.000413283157		0.984461461138
62		0.000454372970		0.981723190715
63		0.000609152289		0.975592239862
64		0.000403633006		0.981177376711
65		0.000407281060		0.984927040431
66		0.000640798020		0.976938879646
67		0.000517922323		0.982715790181
68		0.000539430009		0.981088895187
69		0.000637551936		0.976368481520
70		0.000480646206		0.981102623901
71		0.000625241854		0.977674686355
72		0.000618413487		0.980026397915
73		0.000497729483		0.980796547935
74		0.000760327125		0.975998217333
75		0.000491024773		0.982293508021
76		0.000578309893		0.978069254247
77		0.000494337165		0.977603926121
78		0.000643865255		0.977443630386
79		0.000671279238		0.976444736097
80		0.000638128825		0.979226924662
81		0.000608146164		0.979077985425
82		0.000452701098		0.979921159752
83		0.000468366225		0.981806786918
84		0.000623249292		0.979063208729
85		0.000548731089		0.980954108256
86		0.000533726185		0.981698059615
87		0.000566774411		0.981250687783
88		0.000540939987		0.981561260513
89		0.000471070743		0.981372477877
90		0.000435032603		0.981305786148
91		0.000569437593		0.979600536400
92		0.000618105306		0.977535195763
93		0.000603104019		0.978584840626
94		0.000506030157		0.979193203777
95		0.000504696674		0.982087927895
96		0.000472270491		0.981915434729
97		0.000442004015		0.983952257593
98		0.000487805609		0.980707368758
99		0.000496606182		0.982704504422
100		0.000322724118		0.985606292831
101		0.000400835699		0.985054301310
102		0.000486131066		0.979664425143
103		0.000440193188		0.981310851811
104		0.000373589795		0.984434463717
105		0.000517276346		0.979164500093
106		0.000575356249		0.977630170171
107		0.000568682331		0.978466762078
108		0.000550418905		0.978287964132
109		0.000501007270		0.983835887751
110		0.000419701178		0.985852451979
111		0.000565443953		0.979021463426
112		0.000485359150		0.981082505498
113		0.000697528675		0.974858681749
114		0.000539977897		0.980478582905
115		0.000600880555		0.979335876448
116		0.000450136600		0.983873156750
117		0.000525416766		0.979354073508
118		0.000683202802		0.976499115004
119		0.000778981059		0.973904307352
120		0.000469888224		0.980607022987
121		0.000451046825		0.982882921692
122		0.000784700811		0.973853953014
123		0.000458271235		0.981617411219
124		0.000442808197		0.982789058475
125		0.000397738518		0.983613618538
126		0.000416532778		0.982805504081
127		0.000596104317		0.979221606974
128		0.000654868681		0.976248401430
129		0.000536960839		0.979533849494
130		0.000603747629		0.977915044479
131		0.000721186039		0.974437866317
132		0.000518276823		0.981332131577
133		0.000495155815		0.982310895573
134		0.000443468834		0.983324958120
135		0.000706238344		0.976057176991
136		0.000498126769		0.979664160076
137		0.000611116182		0.977198271917
138		0.000647489996		0.975745007919
139		0.000661865072		0.976265690503
140		0.000723767739		0.975425404076
141		0.000627229236		0.977858684321
142		0.000546571502		0.981057600149
143		0.000466905847		0.981346260219
144		0.000500891902		0.982971383990
145		0.000542302527		0.978828089328
146		0.000605419454		0.979808652441
147		0.000393381896		0.983472661490
148		0.000472684502		0.983537159709
149		0.000444521703		0.981588649387
150		0.000737146254		0.976571690050
151		0.000506165299		0.980894019615
152		0.000710475687		0.974454231812
153		0.000420945764		0.983562259755
154		0.000455169219		0.983229339750
155		0.000650560315		0.976522898454
156		0.000583818292		0.979036807365
157		0.000487594989		0.981722761676
158		0.000628950299		0.977181650163
159		0.000623288065		0.977904564266
160		0.000583800056		0.976356341898
161		0.000573303360		0.978384817716
162		0.000538533507		0.981424536834
163		0.000605179113		0.978589882055
164		0.000647889535		0.976889927231
165		0.000658085813		0.978880713469
166		0.000685643034		0.977118532200
167		0.000368248522		0.983331841850
168		0.000482239003		0.980072632247
169		0.000663721199		0.977471598709
170		0.000589244175		0.979315366195
171		0.000427975058		0.982530598239
172		0.000645580186		0.978932254009
173		0.000753896041		0.975258601395
174		0.000586633481		0.977814391153
175		0.000479989888		0.980443363041
176		0.000650329290		0.978169430470
177		0.000436066821		0.984994938395
178		0.000542118706		0.977357209416
179		0.000496368191		0.979856813315
180		0.000604821491		0.976064552858
181		0.000382309622		0.984310594468
182		0.000640290372		0.976006983783
183		0.000475066331		0.983095025682
184		0.000514984049		0.978584463308
185		0.000513138152		0.978797437477
186		0.000462897878		0.983201324419
187		0.000499124141		0.982491011735
188		0.000559189074		0.979234352397
189		0.000593043626		0.978090712558
190		0.000683474837		0.976324344899
191		0.000731303136		0.974210095629
192		0.000687681706		0.976625383537
193		0.000620919411		0.975777960257
194		0.000701849525		0.977483363972
195		0.000733382902		0.978159722290
196		0.000417900773		0.981749363697
197		0.000602483785		0.978474156519
198		0.000594395804		0.979520027271
199		0.000484226579		0.981110971659
200		0.000502613893		0.981428893423
201		0.000608099011		0.976616031157
202		0.000551126799		0.980796677903
203		0.000590683507		0.977952474104
204		0.000552865197		0.978035776038
205		0.000619137119		0.979627965128
206		0.000560899102		0.980147066294
207		0.000695991910		0.974804223519
208		0.000533747795		0.981178835432
209		0.000603172006		0.978089605207
210		0.000649978506		0.975030263138
211		0.000508977605		0.980700674257
212		0.000542791163		0.979788201748
213		0.000610089601		0.979458975357
214		0.000476894973		0.982062740232
215		0.000533167029		0.976354802138
216		0.000553254373		0.978967669666
217		0.000442068311		0.983989807682
218		0.000662967469		0.975580444878
219		0.000524316843		0.980287720681
220		0.000648673700		0.977115506696
221		0.000683392848		0.976726715342
222		0.000655377278		0.974928495750
223		0.000418139308		0.982036963268
224		0.000540776855		0.983750688950
225		0.000549814844		0.981080809416
226		0.000457213991		0.982224916268
227		0.000608562522		0.978254433805
228		0.000493574806		0.981186088421
229		0.000750401060		0.973709394846
230		0.000454507081		0.983611246370
231		0.000558175923		0.980174708764
232		0.000692238455		0.975069202748
233		0.000425811600		0.983940022094
234		0.000709858868		0.974621825458
235		0.000509792646		0.979650396144
236		0.000535383552		0.979477164047
237		0.000602046624		0.978329657588
238		0.000623152443		0.978489194206
239		0.000466014704		0.982048723447
240		0.000690311132		0.974183074509
241		0.000834181834		0.971021262731
242		0.000485076338		0.979114711183
243		0.000483398682		0.980230542705
244		0.000685959016		0.977452923133
245		0.000427179997		0.982337768584
246		0.000396069884		0.981985238554
247		0.000609911719		0.978011936074
248		0.000590127220		0.977825356759
249		0.000662149218		0.978223916551
250		0.000600764950		0.979376071527
251		0.000666700367		0.975483291880
252		0.000502680989		0.979982724726
253		0.000486589035		0.980890519723
254		0.000537073228		0.980579052601
255		0.000653482340		0.976497659505
256		0.000500826339		0.978339433562
257		0.000540726449		0.979390360515
258		0.000673437368		0.979095638696
259		0.000476599632		0.982690668466
260		0.000546930292		0.980058521285
261		0.000510426835		0.979457715301
262		0.000424256785		0.982541835688
263		0.000718507839		0.973146340345
264		0.000641174735		0.978918752241
265		0.000658739191		0.975116118037
266		0.000447400914		0.982312911249
267		0.000466033054		0.983894750434
268		0.000534298377		0.980133669808
269		0.000746963481		0.972505935128
270		0.000578017671		0.977787895915
271		0.000477190397		0.982909575745
272		0.000538669763		0.979673344583
273		0.000457307844		0.983868602368
274		0.000588422153		0.978704490276
275		0.000482472706		0.983102000612
276		0.000546944087		0.980241844479
277		0.000543770070		0.980335567644
278		0.000574476764		0.979458527770
279		0.000420926805		0.984889170088
280		0.000534152196		0.978619210007
281		0.000562059345		0.979667666415
282		0.000526807613		0.979996588272
283		0.000574823468		0.980639259968
284		0.000648908723		0.976092007363
285		0.000594977742		0.978648654983
286		0.000527581505		0.981154881158
287		0.000487577432		0.981905075077
288		0.000433377113		0.983478940650
289		0.000593190479		0.976270731735
290		0.000541056936		0.980730580589
291		0.000570593823		0.981106629563
292		0.000468029095		0.980894705926
293		0.000511934509		0.982078124347
294		0.000590467417		0.978778416149
295		0.000429224176		0.982819430554
296		0.000544112258		0.978491328955
297		0.000601308316		0.980096781689
298		0.000568502913		0.979343296754
299		0.000581857625		0.979140276539
300		0.000569830450		0.978152564207
301		0.000565163610		0.979080360244
302		0.000598958923		0.979503241937
303		0.000413793036		0.982579168349
304		0.000497414059		0.981147513004
305		0.000587000175		0.978696525571
306		0.000434970894		0.983028938943
307		0.000512149454		0.980953455549
308		0.000606235525		0.979062303795
309		0.000498702665		0.982498029024
310		0.000532549320		0.980371123281
311		0.000546445382		0.980608136751
312		0.000613492009		0.977904610486
313		0.000578759699		0.977825977652
314		0.000528383441		0.980454204414
315		0.000566119672		0.980369803373
316		0.000635955870		0.976750941090
317		0.000463169394		0.983831241687
318		0.000653827123		0.979261875886
319		0.000618721739		0.978192364516
320		0.000598222921		0.976782617729
321		0.000559670579		0.980245571043
322		0.000486266048		0.981344121189
323		0.000820031195		0.973490380353
324		0.000647600026		0.977423904763
325		0.000498120322		0.982652253028
326		0.000535905571		0.978827750635
327		0.000626499591		0.978454132340
328		0.000534793563		0.980738333799
329		0.000572630966		0.977758545027
330		0.000639300594		0.977910740568
331		0.000491432982		0.984300838190
332		0.000553447245		0.978611487812
333		0.000498766175		0.980881021098
334		0.000599780774		0.978973127190
335		0.000794667197		0.973142449029
336		0.000551851014		0.980075515929
337		0.000572195103		0.977823802052
338		0.000450633042		0.981272085909
339		0.000551472332		0.980514575563
340		0.000665065893		0.975984224271
341		0.000528831652		0.980545471724
342		0.000597237015		0.979095350400
343		0.000476711743		0.982720793732
344		0.000468251030		0.980120889183
345		0.000451352516		0.983957372571
346		0.000355004381		0.986457990969
347		0.000515542284		0.979721544317
348		0.000513810246		0.980462007306
349		0.000519233613		0.981222440326
350		0.000577912908		0.978648349158
351		0.000635962639		0.976869557770
352		0.000752450362		0.973098715158
353		0.000567998950		0.978094012352
354		0.000700455420		0.975530184746
355		0.000402355369		0.982485180702
356		0.000436683020		0.983580397039
357		0.000639198335		0.976333178517
358		0.000496941379		0.980653269753
359		0.000560572765		0.979411137624
360		0.000599168649		0.977124506233
361		0.000571340917		0.979475246192
362		0.000706516082		0.975427593599
363		0.000572044248		0.980093549777
364		0.000479074727		0.981370863769
365		0.000637150143		0.976315980439
366		0.000554111458		0.981323890398
367		0.000469281979		0.983479290226
368		0.000824720532		0.972441688430
369		0.000638368159		0.976330273476
370		0.000592395830		0.980738626415
371		0.000511645119		0.983249899994
372		0.000627273112		0.978631037860
373		0.000463810498		0.980273699013
374		0.000700328052		0.974381812126
375		0.000585883094		0.978756900541
376		0.000456961408		0.982079075080
377		0.000675038810		0.977286897455
378		0.000513045906		0.981549018996
379		0.000625976218		0.976081229613
380		0.000638902164		0.977474614708
381		0.000573275402		0.978387571260
382		0.000514258938		0.979307987676
383		0.000694859261		0.974845040443
384		0.000592868213		0.978874217654
385		0.000573676987		0.979620433351
386		0.000619588970		0.976674156419
387		0.000523927659		0.980149786201
388		0.000563512503		0.978785697916
389		0.000342244221		0.986537509385
390		0.000541355911		0.979666296763
391		0.000488618044		0.984458661327
392		0.000532992997		0.979880386381
393		0.000542067100		0.982423072751
394		0.000540755772		0.980237410981
395		0.000441848402		0.981481290512
396		0.000380746241		0.985214107308
397		0.000485008656		0.979155954177
398		0.000528285108		0.981090888784
399		0.000426129262		0.983657478525
400		0.000703282610		0.976580481656
401		0.000745893560		0.972872623210
402		0.000583032127		0.979573743740
403		0.000696968213		0.977166517196
404		0.000337864480		0.985661674580
405		0.000481431100		0.979457090221
406		0.000605895047		0.978078156940
407		0.000679866698		0.974912709144
408		0.000381705189		0.983621960190
409		0.000492531307		0.978522818760
410		0.000543127980		0.980178880471
411		0.000421201189		0.983499484891
412		0.000638369412		0.978259460445
413		0.000527433536		0.980674817876
414		0.000670789272		0.976080091590
415		0.000539588071		0.980200578885
416		0.000430712887		0.983812716546
417		0.000551777110		0.980783869919
418		0.000579232318		0.980566343280
419		0.000645511767		0.975930340790
420		0.000678418449		0.978292924893
421		0.000619808076		0.976750418416
422		0.000495921333		0.981045489400
423		0.000568894003		0.979438564246
424		0.000789031156		0.971485053321
425		0.000361330736		0.984745354317
426		0.000602603932		0.979826268582
427		0.000570567535		0.978567798616
428		0.000477855797		0.980287135127
429		0.000553741325		0.981189815501
430		0.000413666365		0.983135977386
431		0.000631192377		0.978322368648
432		0.000546230415		0.982355832885
433		0.000667711736		0.976440515425
434		0.000511630501		0.980478667193
435		0.000577420972		0.979142308091
436		0.000713198440		0.976003660026
437		0.000423714880		0.983640660651
438		0.000448300346		0.981766224906
439		0.000583721211		0.977452004591
440		0.000544854429		0.977275907787
441		0.000500775727		0.981808087723
442		0.000669759349		0.978074385633
443		0.000772275361		0.973293314520
444		0.000461885032		0.981646255990
445		0.000501847642		0.981970184783
446		0.000697049713		0.974780426381
447		0.000805696980		0.972349810178
448		0.000442863273		0.981484246520
449		0.000416018295		0.983041951879
450		0.000510151843		0.979552733095
451		0.000637191307		0.978123863982
452		0.000387339982		0.984540966138
453		0.000458876060		0.983395851599
454		0.000565229613		0.979524432772
455		0.000505997590		0.979009054619
456		0.000540269724		0.978935774036
457		0.000585599443		0.978146920109
458		0.000585879854		0.980696937846
459		0.000439444705		0.982764946434
460		0.000519714708		0.982631604659
461		0.000481389799		0.982423570585
462		0.000489417645		0.984807298487
463		0.000516678908		0.980468456331
464		0.000443489091		0.981748777985
465		0.000463998850		0.982232547930
466		0.000521277261		0.978519453546
467		0.000529016844		0.978170288573
468		0.000602234270		0.980317608990
469		0.000684180042		0.975150356137
470		0.000610985350		0.978483213363
471		0.000455979379		0.982374902108
472		0.000521919546		0.980913727492
473		0.000682511393		0.974333043240
474		0.000659902989		0.978220303136
475		0.000463851603		0.981548247131
476		0.000559513190		0.978347946580
477		0.000684178922		0.974933918704
478		0.000509907819		0.980097058245
479		0.000546922881		0.980290275951
480		0.000542667161		0.982163568159
481		0.000671938543		0.977794909598
482		0.000572283763		0.978770191140
483		0.000510122628		0.982219025808
484		0.000488685668		0.980031621037
485		0.000528920177		0.978346371396
486		0.000574514942		0.979050896798
487		0.000556458606		0.979967909939
488		0.000650900328		0.973354230583
489		0.000607172762		0.978304360127
490		0.000653928996		0.977532084758
491		0.000481235089		0.983587514741
492		0.000541886727		0.979890056093
493		0.000685702441		0.975722047047
494		0.000481534592		0.982408134753
495		0.000455519494		0.983472075285
496		0.000584575901		0.981079850106
497		0.000558432309		0.978650394804
498		0.000494222517		0.982791875172
499		0.000413158518		0.983910431009
500		0.000754121725		0.973237767668
501		0.000676056059		0.974638643750
502		0.000584442847		0.978826867234
503		0.000438838259		0.983168250233
504		0.000450645740		0.980625861539
505		0.000572853088		0.978015108988
506		0.000448340248		0.983276654411
507		0.000568433446		0.979732830198
508		0.000432996989		0.983846022701
509		0.000559059355		0.978271903298
510		0.000574616591		0.978432868011
511		0.000642667249		0.975968815938
512		0.000421126462		0.983195309370
513		0.000468552585		0.980380445233
514		0.000616975490		0.979749640945
515		0.000684875221		0.974575141382
516		0.000586033929		0.979612519963
517		0.000474749638		0.981268848527
518		0.000680479609		0.978413642228
519		0.000538453218		0.977938412220
520		0.000707463161		0.975865661381
521		0.000594029891		0.979839330587
522		0.000351924468		0.986727014095
523		0.000348668761		0.985559293112
524		0.000507343885		0.981411697289
525		0.000585565944		0.979868717001
526		0.000588624297		0.977801763418
527		0.000437180874		0.982496318123
528		0.000583743696		0.978858279722
529		0.000588510719		0.979449927103
530		0.000675330105		0.978338338185
531		0.000742736142		0.973987982000
532		0.000522873850		0.980180612956
533		0.000772589098		0.970889788317
534		0.000660254374		0.974093511721
535		0.000434151345		0.984039904253
536		0.000507183055		0.981744004775
537		0.000510196392		0.981246877257
538		0.000530241225		0.981677205104
539		0.000626997208		0.976216938114
540		0.000446697836		0.982838457826
541		0.000469030610		0.980291677593
542		0.000449700393		0.980807791656
543		0.000462655399		0.983379664930
544		0.000620530252		0.977558043172
545		0.000658440563		0.976647993864
546		0.000563901738		0.979386797241
547		0.000669890092		0.976368369342
548		0.000648403913		0.975508372343
549		0.000481574426		0.979672935831
550		0.000589550752		0.979932054646
551		0.000622518987		0.976375634721
552		0.000680918242		0.976457360038
553		0.000689095261		0.974079928564
554		0.000794888633		0.974730001783
555		0.000604508493		0.980283494400
556		0.000474972027		0.982227170944
557		0.000381418697		0.984742062467
558		0.000556400911		0.977230590061
559		0.000509164322		0.978349912339
560		0.000502730045		0.981773215014
561		0.000542065933		0.980232205355
562		0.000638853575		0.976975144201
563		0.000560489462		0.979287170916
564		0.000475450109		0.981490846666
565		0.000546273832		0.980958123161
566		0.000494579398		0.980071715633
567		0.000487121058		0.979602495607
568		0.000556604349		0.979708012670
569		0.000370096684		0.986187312321
570		0.000404807022		0.983994758819
571		0.000602626196		0.979455340579
572		0.000721300784		0.975171357421
573		0.000481238679		0.980733237886
574		0.000511105837		0.979161979829
575		0.000592653425		0.979330422039
576		0.000550010435		0.979775417418
577		0.000564646056		0.979690320697
578		0.000423586506		0.982915537853
579		0.000495490580		0.983783731544
580		0.000534281810		0.979106631353
581		0.000716360539		0.974017986011
582		0.000539262107		0.980141830367
583		0.000478264533		0.980531108634
584		0.000749842537		0.977170408729
585		0.000652900276		0.974452919324
586		0.000635383791		0.977021898975
587		0.000542183077		0.978657998832
588		0.000641847819		0.977863978245
589		0.000571934286		0.977666519440
590		0.000626292385		0.977007870024
591		0.000648678180		0.977489107932
592		0.000573256159		0.979593380929
593		0.000456548934		0.982885730579
594		0.000472836533		0.981453110518
595		0.000620101176		0.980929314625
596		0.000542429749		0.979044423179
597		0.000570625729		0.979197116409
598		0.000567348282		0.977760843987
599		0.000520223901		0.979350703741
600		0.000621448126		0.977553299652
601		0.000802503167		0.971696542362
602		0.000658273503		0.975709084442
603		0.000520458257		0.979601494494
604		0.000562390862		0.977979575312
605		0.000582423802		0.979801823898
606		0.000531797428		0.979350608550
607		0.000548653082		0.977052299643
608		0.000470189906		0.984118459376
609		0.000550463434		0.978246264131
610		0.000471732606		0.982470291704
611		0.000515139412		0.977717910352
612		0.000558430041		0.980441772543
613		0.000525827316		0.979948003397
614		0.000522153047		0.981719830809
615		0.000557510286		0.978622270225
616		0.000513195177		0.980410966563
617		0.000428805648		0.981665211025
618		0.000536604967		0.980223661664
619		0.000531641686		0.981714028811
620		0.000756746653		0.977326475742
621		0.000555646232		0.977423869089
622		0.000449956306		0.982719346758
623		0.000505624790		0.982125692497
624		0.000741305423		0.975262152691
625		0.000547421636		0.979000055585
626		0.000533425500		0.979895581646
627		0.000483558965		0.979393572112
628		0.000579880716		0.975953724894
629		0.000588773579		0.977597890526
630		0.000524548045		0.978685843190
631		0.000552344553		0.979813208513
632		0.000714669079		0.974797706974
633		0.000649125487		0.975172443565
634		0.000595951986		0.979964516377
635		0.000636064496		0.977134785739
636		0.000470089833		0.983584754340
637		0.000794612914		0.971099534618
638		0.000508272871		0.981508867355
639		0.000563718577		0.979067751872
640		0.000503529154		0.981464784011
641		0.000560151336		0.977625681323
642		0.000423614671		0.984304665644
643		0.000642957370		0.978024148734
644		0.000505060431		0.981083928001
645		0.000497528530		0.980271549581
646		0.000490734411		0.977213912514
647		0.000457379792		0.982530890927
648		0.000637065331		0.976443026621
649		0.000486784148		0.981728177399
650		0.000390253713		0.984885105841
651		0.000518677220		0.980021511941
652		0.000434723151		0.984701817912
653		0.000540002209		0.981986262737
654		0.000603498989		0.975565355397
655		0.000431878553		0.983290889619
656		0.000469764731		0.980726108479
657		0.000564832664		0.977317246376
658		0.000677290918		0.972510024018
659		0.000596724836		0.977303943938
660		0.000532668534		0.980538311519
661		0.000499521697		0.981813879500
662		0.000417444265		0.981988929581
663		0.000590071044		0.979780015331
664		0.000646757927		0.977434401582
665		0.000455544235		0.980965925299
666		0.000491634355		0.982789211767
667		0.000579152704		0.980510100431
668		0.000464629269		0.983872223196
669		0.000561433543		0.980300062067
670		0.000538979283		0.981539939807
671		0.000527360646		0.982114683582
672		0.000597845303		0.978811844625
673		0.000470964181		0.982175538679
674		0.000444564323		0.983876622230
675		0.000412489601		0.983258789805
676		0.000540027731		0.979846276018
677		0.000626075211		0.979584832422
678		0.000457219894		0.982406469834
679		0.000500308706		0.978747837481
680		0.000414602381		0.982687202901
681		0.000541950225		0.980797042448
682		0.000416014566		0.982757317463
683		0.000599907586		0.979031251563
684		0.000586211209		0.976149352635
685		0.000519428534		0.980582181670
686		0.000577096871		0.980122390499
687		0.000570205797		0.980484053393
688		0.000632620273		0.978318537686
689		0.000569355005		0.980088384483
690		0.000526519437		0.980011944315
691		0.000510681096		0.980093167489
692		0.000581616057		0.979997156168
693		0.000838713949		0.972342185520
694		0.000540611161		0.978757572750
695		0.000551302522		0.980207424227
696		0.000461506923		0.982180913769
697		0.000579615803		0.978500673685
698		0.000610195517		0.977460649024
699		0.000382586540		0.985053374705
700		0.000569802251		0.979786230700
701		0.000636136088		0.979217293663
702		0.000470451605		0.983960845029
703		0.000649098432		0.978235329767
704		0.000622984299		0.976685960729
705		0.000546154355		0.979622729086
706		0.000474005327		0.980918650184
707		0.000527003516		0.980791112600
708		0.000556253143		0.979980776885
709		0.000570139868		0.977867135423
710		0.000478161541		0.983850271754
711		0.000493928362		0.981943228060
712		0.000491875163		0.981286767965
713		0.000513826171		0.980744926397
714		0.000543562239		0.979987360630
715		0.000639475434		0.975313002045
716		0.000468224999		0.982087933825
717		0.000490115307		0.980104356176
718		0.000565323400		0.978900093200
719		0.000450854748		0.984617795818
720		0.000552285916		0.979119348978
721		0.000525486805		0.976700778583
722		0.000456604354		0.982012885868
723		0.000660294594		0.975066642516
724		0.000627991360		0.976039732709
725		0.000629632046		0.979793645453
726		0.000565585155		0.981178740890
727		0.000604354776		0.978067883438
728		0.000584202158		0.979787466706
729		0.000551371802		0.981931376063
730		0.000477964947		0.982902546487
731		0.000598519109		0.978109523793
732		0.000473012046		0.980966814334
733		0.000463136544		0.981149820324
734		0.000393645201		0.984391172641
735		0.000526364699		0.979693866138
736		0.000610677623		0.976902609080
737		0.000608214211		0.978777774872
738		0.000516427580		0.980640135236
739		0.000774975621		0.973248709419
740		0.000467107379		0.982030789786
741		0.000603968856		0.980276828083
742		0.000578333638		0.976009630486
743		0.000539588548		0.980809624581
744		0.000510538403		0.980485811371
745		0.000434231907		0.981991089825
746		0.000429249458		0.981244800628
747		0.000680337670		0.972008657114
748		0.000444622081		0.983898421547
749		0.000371350569		0.985077520015
750		0.000577227044		0.978428942981
751		0.000546015326		0.980645960034
752		0.000501352960		0.981445737381
753		0.000586996873		0.979273733124
754		0.000616031269		0.978750042612
755		0.000535331755		0.979556392676
756		0.000472948104		0.983638857212
757		0.000629628268		0.978155690954
758		0.000625505510		0.978260264148
759		0.000521841901		0.980883688218
760		0.000499462514		0.980706861633
761		0.000827100550		0.972598829031
762		0.000585372015		0.979831339613
763		0.000675359396		0.976697210530
764		0.000583277884		0.979646410740
765		0.000640917158		0.976477482561
766		0.000565334256		0.979969823943
767		0.000617038656		0.976898425141
768		0.000591028360		0.978611079130
769		0.000516524224		0.978654260103
770		0.000629846633		0.978472550751
771		0.000535203854		0.979967108660
772		0.000587529969		0.980603760195
773		0.000459959213		0.982729627957
774		0.000620883549		0.977384456775
775		0.000501076432		0.979659519831
776		0.000575317806		0.980142844597
777		0.000495459176		0.980640064241
778		0.000455206465		0.983815842638
779		0.000587422838		0.979253150955
780		0.000522792862		0.980565565709
781		0.000568980350		0.979232182168
782		0.000538771889		0.979380003326
783		0.000885361435		0.971750557227
784		0.000498697392		0.981351903249
785		0.000731823535		0.975492731276
786		0.000415965838		0.984276598939
787		0.000511994937		0.980275663557
788		0.000709316036		0.973831703895
789		0.000385363109		0.983744329394
790		0.000447209154		0.982946292462
791		0.000545409684		0.981076250450
792		0.000530784020		0.981207459796
793		0.000710920549		0.970870920276
794		0.000541579177		0.981062781252
795		0.000628751005		0.979355696742
796		0.000640577365		0.979558450207
797		0.000494339602		0.979197802940
798		0.000545910551		0.980991515259
799		0.000584897339		0.980224392766
800		0.000531975062		0.976521576685
801		0.000526770041		0.978617617857
802		0.000495009796		0.981912952311
803		0.000520686151		0.979536259973
804		0.000592960285		0.979275370351
805		0.000569888935		0.979213169223
806		0.000584694041		0.979680286564
807		0.000529994514		0.980692575947
808		0.000473961144		0.982264165242
809		0.000542250624		0.979088466646
810		0.000646831967		0.978779007940
811		0.000621433297		0.977027567320
812		0.000503001632		0.981655493199
813		0.000466882361		0.982416402154
814		0.000716752913		0.975532247387
815		0.000528852580		0.981089547138
816		0.000439612984		0.982796716818
817		0.000536163233		0.979071029780
818		0.000570624836		0.979815505730
819		0.000642676772		0.977272835808
820		0.000506266512		0.980576810150
821		0.000622643318		0.977766355705
822		0.000462113509		0.982728560279
823		0.000656951625		0.976025156808
824		0.000664040617		0.977458574590
825		0.000725420762		0.974554795158
826		0.000584571323		0.979820000777
827		0.000715742454		0.974797487352
828		0.000397775738		0.986560827559
829		0.000593300238		0.979624340821
830		0.000474168348		0.983410581008
831		0.000575346265		0.979608112334
832		0.000544157763		0.980098474194
833		0.000493192306		0.981500984896
834		0.000610617668		0.978320447892
835		0.000716623945		0.976261408089
836		0.000452053155		0.983231917038
837		0.000450148370		0.982093639553
838		0.000661993226		0.976128222388
839		0.000494982334		0.982359882596
840		0.000529318092		0.977022066896
841		0.000412159064		0.983568784106
842		0.000529413154		0.981488924393
843		0.000685642305		0.976912209302
844		0.000571902294		0.979483269249
845		0.000688804666		0.974894737615
846		0.000415338508		0.984845616328
847		0.000592271781		0.978139118896
848		0.000489757225		0.983614005985
849		0.000516248469		0.980527641334
850		0.000562312859		0.978523774597
851		0.000577097781		0.978132768942
852		0.000533579522		0.978968255462
853		0.000594156248		0.977967672358
854		0.000615945876		0.977473893603
855		0.000561790424		0.979312667982
856		0.000540739865		0.978726136574
857		0.000618156082		0.977168255469
858		0.000692646589		0.975463130377
859		0.000619762754		0.977472163182
860		0.000490924912		0.982039080410
861		0.000741051208		0.972656281035
862		0.000394045453		0.984652250384
863		0.000517847107		0.981070053882
864		0.000498197037		0.980507845849
865		0.000691841398		0.974648194965
866		0.000390726478		0.983974935004
867		0.000543163420		0.979915469117
868		0.000567186121		0.980329111007
869		0.000448228663		0.982573342444
870		0.000408839640		0.982762421338
871		0.000588356971		0.978757557965
872		0.000575122165		0.978349968052
873		0.000522753985		0.981571638023
874		0.000628283162		0.975215321239
875		0.000400885217		0.984701414857
876		0.000686413300		0.974238952857
877		0.000494217870		0.981200266562
878		0.000544012809		0.979579729609
879		0.000585269937		0.977203547334
880		0.000518320035		0.980521095292
881		0.000573997251		0.977846666899
882		0.000490482089		0.980126511378
883		0.000475499191		0.980993080277
884		0.000460363288		0.982373959787
885		0.000495234425		0.979614088284
886		0.000493513340		0.981983260675
887		0.000645812433		0.979317219048
888		0.000451325713		0.982605532009
889		0.000530582136		0.981080045956
890		0.000559074851		0.979158933302
891		0.000725289446		0.972617651606
892		0.000665571006		0.977759328034
893		0.000638145689		0.975692171038
894		0.000705528240		0.976630141873
895		0.000600046367		0.979032054855
896		0.000598531350		0.979078309354
897		0.000631507765		0.978033408627
898		0.000647922054		0.977294803477
899		0.000625640432		0.978636999448
900		0.000534629565		0.980674973070
901		0.000563209467		0.978859422570
902		0.000581211983		0.978169688524
903		0.000695706859		0.977978577509
904		0.000558079657		0.979688947868
905		0.000386673781		0.984988884560
906		0.000606597477		0.978424253642
907		0.000489359219		0.982201844770
908		0.000455075122		0.980167794199
909		0.000685956029		0.974881224339
910		0.000616040767		0.980094051779
911		0.000762987060		0.972515974719
912		0.000518525275		0.979631144478
913		0.000499146369		0.981111726286
914		0.000474387016		0.983190266330
915		0.000533053545		0.982207736173
916		0.000698235253		0.976555517366
917		0.000432370092		0.983982889318
918		0.000614560736		0.977643839068
919		0.000532282488		0.979458858119
920		0.000618703737		0.980051675289
921		0.000534592058		0.980137682133
922		0.000613920977		0.980372595579
923		0.000542705762		0.979501633167
924		0.000553666852		0.981764718312
925		0.000514740862		0.979789624876
926		0.000627784558		0.978306291837
927		0.000456357591		0.982162995658
928		0.000596766195		0.977882491175
929		0.000651070406		0.975537887146
930		0.000417134844		0.982803858886
931		0.000669427355		0.976416470586
932		0.000554729826		0.980248059930
933		0.000529298984		0.980290273041
934		0.000393785432		0.984251936487
935		0.000684747212		0.974315325213
936		0.000632165668		0.978416669272
937		0.000451845116		0.982115439824
938		0.000481267539		0.981674393815
939		0.000448385181		0.983554189010
940		0.000608617700		0.979055666063
941		0.000487670786		0.982704790478
942		0.000486473719		0.980574048873
943		0.000412373388		0.984655710469
944		0.000732205699		0.974989537154
945		0.000545726196		0.979810728132
946		0.000776454203		0.973425960262
947		0.000682297341		0.974754556123
948		0.000449779100		0.981833702932
949		0.000498159313		0.982315851371
950		0.000679265677		0.976575488579
951		0.000598606559		0.977357804916
952		0.000760509370		0.975611802778
953		0.000437507864		0.982943114525
954		0.000501357419		0.977452874505
955		0.000406496599		0.984585415912
956		0.000733432452		0.973622350856
957		0.000540197233		0.980369592575
958		0.000485281415		0.981153760098
959		0.000539531466		0.977619213046
960		0.000493155315		0.982313490329
961		0.000495923797		0.982270440747
962		0.000463943801		0.979793415469
963		0.000456678969		0.982588563889
964		0.000723657619		0.976873214807
965		0.000440481892		0.981067988716
966		0.000555746191		0.980611801640
967		0.000412317999		0.982730605073
968		0.000619702451		0.977474450215
969		0.000569531879		0.979917057047
970		0.000558363062		0.979820175837
971		0.000613604483		0.979638259142
972		0.000444178098		0.983317750190
973		0.000533979343		0.981833729242
974		0.000528174997		0.981146409456
975		0.000467376444		0.984542685152
976		0.000439186029		0.983391562549
977		0.000660977854		0.978129632867
978		0.000492565803		0.983138594150
979		0.000574219513		0.980184387423
980		0.000858433298		0.970311310727
981		0.000499842223		0.983065607483
982		0.000446646173		0.981017309944
983		0.000474363960		0.981377339086
984		0.000434186987		0.983450505476
985		0.000613041188		0.980587818477
986		0.000712589796		0.974013445843
987		0.000546165603		0.980895350531
988		0.000674790354		0.976054118044
989		0.000692424282		0.974202653638
990		0.000658243986		0.976252179318
991		0.000484944340		0.982475809862
992		0.000507803657		0.980311936707
993		0.000552710696		0.980231561952
994		0.000443007180		0.982314740335
995		0.000538590467		0.979313685207
996		0.000547330418		0.980941922807
997		0.000755803461		0.974672279641
998		0.000381834403		0.983376879113
999		0.000504927402		0.978863211685
1000		0.000526755694		0.980741277895
1001		0.000513079031		0.980523331437
1002		0.000489076661		0.981274846366
1003		0.000483079902		0.980640509709
1004		0.000437012087		0.981959284203
1005		0.000622450295		0.979080747671
1006		0.000496145604		0.980731691438
1007		0.000514860817		0.981695385030
1008		0.000422648972		0.982211550909
1009		0.000586225720		0.980321488648
1010		0.000787451056		0.972989748329
1011		0.000511554589		0.982207298488
1012		0.000553765422		0.981341730287
1013		0.000359009321		0.984397556396
1014		0.000428984507		0.984110850345
1015		0.000469745634		0.982721465617
1016		0.000550677822		0.980240510978
1017		0.000770640899		0.973109601850
1018		0.000602353208		0.976772375563
1019		0.000508197930		0.978208551995
1020		0.000521076032		0.980280282206
1021		0.000420831127		0.981653698969
1022		0.000536270899		0.979690444372
1023		0.000541483396		0.979879506192
1024		0.000518981567		0.980813839198
1025		0.000812957642		0.971731505970
1026		0.000413800374		0.982108009533
1027		0.000583957237		0.978259420559
1028		0.000599144101		0.979183596214
1029		0.000675042622		0.976482805468
1030		0.000630436414		0.975604600977
1031		0.000475975715		0.982366756214
1032		0.000486166374		0.980186166167
1033		0.000518083455		0.984042377194
1034		0.000455423513		0.981197996026
1035		0.000575722451		0.976745437582
1036		0.000612903142		0.975586654675
1037		0.000479369665		0.982438380724
1038		0.000469118007		0.983146061171
1039		0.000628676233		0.977395168053
1040		0.000409622889		0.983245022935
1041		0.000587346865		0.978930854650
1042		0.000709273862		0.976214663493
1043		0.000541010670		0.978432326754
1044		0.000376491195		0.984035176657
1045		0.000663015524		0.980017497738
1046		0.000503152691		0.979659228279
1047		0.000520538023		0.980573981861
1048		0.000644834547		0.976720433096
1049		0.000443359110		0.981836310242
1050		0.000545755782		0.979520291767
1051		0.000483857928		0.981418325019
1052		0.000606054903		0.979036399525
1053		0.000512581581		0.980477328624
1054		0.000756407093		0.974710207697
1055		0.000560821427		0.981398869664
1056		0.000404241113		0.983720605035
1057		0.000369517978		0.984121845869
1058		0.000481833166		0.980186794404
1059		0.000570179409		0.981565203969
1060		0.000602239792		0.979022581865
1061		0.000642653148		0.979058352771
1062		0.000533743977		0.979976324606
1063		0.000361007915		0.985818555388
1064		0.000616508063		0.978137019812
1065		0.000607120354		0.978462165973
1066		0.000647690623		0.978954062118
1067		0.000658349004		0.976764686045
1068		0.000575475250		0.978759098434
1069		0.000604524730		0.977843063107
1070		0.000580554307		0.977628499718
1071		0.000637001623		0.976759863825
1072		0.000506537419		0.980953474331
1073		0.000437618354		0.984447827235
1074		0.000811258051		0.976368028662
1075		0.000557503180		0.977844368672
1076		0.000537832636		0.980085622109
1077		0.000474260592		0.979807467114
1078		0.000667049964		0.976283183508
1079		0.000586996179		0.977748682808
1080		0.000487279640		0.981860619320
1081		0.000554936462		0.979654338701
1082		0.000352432166		0.985769740758
1083		0.000443125252		0.983320378337
1084		0.000475233865		0.980544976094
1085		0.000600013962		0.980035884299
1086		0.000610249815		0.977323109353
1087		0.000594873457		0.978955264820
1088		0.000577964748		0.980860886897
1089		0.000621141148		0.978488600969
1090		0.000500188082		0.982275812251
1091		0.000517308294		0.981043863242
1092		0.000493861016		0.980855575038
1093		0.000450785039		0.983391557133
1094		0.000480070754		0.979408865636
1095		0.000558545387		0.979078611752
1096		0.000537146857		0.979942354045
1097		0.000442638861		0.983325551254
1098		0.000515930245		0.980766369783
1099		0.000569895363		0.978780821303
1100		0.000604791916		0.979661296741
1101		0.000570899161		0.979712805347
1102		0.000575592568		0.979304953395
1103		0.000502606121		0.979587115363
1104		0.000654778607		0.976726873431
1105		0.000454404824		0.981663095036
1106		0.000730122136		0.977710843886
1107		0.000655545790		0.976511078568
1108		0.000602509028		0.978911819717
1109		0.000880464869		0.969869198505
1110		0.000582810487		0.979666667659
1111		0.000526013948		0.981257778457
1112		0.000547664418		0.979735102834
1113		0.000522989615		0.981332909766
1114		0.000491315823		0.981572345959
1115		0.000442159360		0.983264244248
1116		0.000622351125		0.979198875361
1117		0.000634468543		0.974858527861
1118		0.000425567674		0.983319805414
1119		0.000542706241		0.978264383255
1120		0.000535183754		0.981427680778
1121		0.000606752233		0.978983868676
1122		0.000399139760		0.984364865806
1123		0.000589824450		0.978671321062
1124		0.000483265349		0.981108841958
1125		0.000635376986		0.977829063382
1126		0.000677074638		0.978522730208
1127		0.000573359775		0.981148962852
1128		0.000611296846		0.977389997606
1129		0.000597807936		0.976851799235
1130		0.000475147544		0.979549635663
1131		0.000663627897		0.977193627261
1132		0.000488524632		0.981562799076
1133		0.000481214910		0.982238671849
1134		0.000560185627		0.979745569850
1135		0.000548974151		0.979701174234
1136		0.000401767710		0.983461125745
1137		0.000784702065		0.973741139394
1138		0.000401580514		0.984475108901
1139		0.000691725505		0.976755434276
1140		0.000480579813		0.982044407814
1141		0.000498722838		0.982293183259
1142		0.000627547660		0.976657536427
1143		0.000540990348		0.980090920395
1144		0.000610128147		0.978556039465
1145		0.000551824636		0.980791677917
1146		0.000445436241		0.980481962289
1147		0.000537201479		0.979648853242
1148		0.000638020647		0.976739169233
1149		0.000383520527		0.985131901387
1150		0.000507560464		0.982303922441
1151		0.000322656078		0.986973020068
1152		0.000445545736		0.983566649861
1153		0.000494229013		0.983136189424
1154		0.000745153728		0.972914657548
1155		0.000602037725		0.978169444360
1156		0.000590172579		0.977113091574
1157		0.000508042229		0.980208379213
1158		0.000536526749		0.979898013764
1159		0.000631591085		0.976950166224
1160		0.000472576644		0.981396788057
1161		0.000554175101		0.979094668906
1162		0.000672173222		0.974280364142
1163		0.000419877895		0.984007966443
1164		0.000785835574		0.973112702697
1165		0.000558765144		0.977974852395
1166		0.000417787217		0.984629948188
1167		0.000571979775		0.978070403711
1168		0.000581876605		0.979662217120
1169		0.000634191074		0.980104182902
1170		0.000478623619		0.980810648817
1171		0.000611420629		0.976527398593
1172		0.000620758268		0.975619577613
1173		0.000537095404		0.983027376426
1174		0.000419425223		0.983425961842
1175		0.000645320420		0.977196519425
1176		0.000520121490		0.980431216052
1177		0.000534296707		0.978546037007
1178		0.000508408538		0.979894546944
1179		0.000510107317		0.981337114958
1180		0.000549676272		0.980491285447
1181		0.000597136641		0.977714239988
1182		0.000620694064		0.977312360733
1183		0.000389103225		0.983291307242
1184		0.000527996484		0.981526640751
1185		0.000709741585		0.974207344296
1186		0.000641714955		0.976297735582
1187		0.000474481081		0.981591479143
1188		0.000657566119		0.976322114837
1189		0.000622221218		0.977296438765
1190		0.000460785353		0.980998169128
1191		0.000608414554		0.978090955380
1192		0.000596612559		0.977425900691
1193		0.000635195364		0.977591924702
1194		0.000551751307		0.981631732253
1195		0.000534543779		0.979156049848
1196		0.000624852313		0.978951167651
1197		0.000729638993		0.974109374585
1198		0.000590497603		0.978176343835
1199		0.000505135088		0.981068699018
1200		0.000803390054		0.972072105181
1201		0.000516573381		0.980892571420
1202		0.000745301433		0.975722308456
1203		0.000503981268		0.981367949861
1204		0.000636491293		0.975423303729
1205		0.000449565436		0.983949102073
1206		0.000480696266		0.981098959710
1207		0.000574186064		0.980857117396
1208		0.000527051283		0.979736553676
1209		0.000605787771		0.977473927030
1210		0.000520818311		0.980054128457
1211		0.000631722728		0.978667193280
1212		0.000560879265		0.980810941395
1213		0.000610209782		0.978324343327
1214		0.000486305658		0.980203812690
1215		0.000542897583		0.978164847021
1216		0.000540432611		0.980688191568
1217		0.000509954708		0.979951335838
1218		0.000703737035		0.976223813223
1219		0.000552170147		0.980278523667
1220		0.000575324574		0.980062065148
1221		0.000729407909		0.975541308103
1222		0.000815506669		0.970939492810
1223		0.000500076151		0.983889302383
1224		0.000442504405		0.982779863383
1225		0.000534079093		0.979735725817
1226		0.000534968153		0.981404026910
1227		0.000682184737		0.976474677828
1228		0.000371452278		0.984360467501
1229		0.000597351737		0.979307409981
1230		0.000580529635		0.978957963752
1231		0.000646331245		0.976620117649
1232		0.000652664536		0.978616705391
1233		0.000855954777		0.974264981217
1234		0.000451958089		0.984028295213
1235		0.000462567916		0.983163641588
1236		0.000448049327		0.981904377366
1237		0.000536526828		0.979820199893
1238		0.000443415834		0.981905261468
1239		0.000565856118		0.981166854697
1240		0.000609430564		0.977151807536
1241		0.000512645760		0.980184969528
1242		0.000584131599		0.980937142112
1243		0.000732865070		0.976823477819
1244		0.000642753143		0.973983426746
1245		0.000532619154		0.978887830569
1246		0.000683556443		0.975263915453
1247		0.000482372384		0.981548773321
1248		0.000624043080		0.980439838905
1249		0.000529913604		0.979234850744
1250		0.000453095996		0.983786918569
1251		0.000489314421		0.982521460897
1252		0.000620236095		0.978201988713
1253		0.000605364128		0.978330245129
1254		0.000577866481		0.980016047931
1255		0.000532570156		0.981420587349
1256		0.000590992950		0.980604668563
1257		0.000428618918		0.982256523912
1258		0.000576151312		0.977181319051
1259		0.000597781759		0.978182426640
1260		0.000475926700		0.981682318509
1261		0.000652562945		0.977730917244
1262		0.000478912447		0.980582900259
1263		0.000431825463		0.984077688149
1264		0.000451215656		0.981111905593
1265		0.000360078177		0.986084520643
1266		0.000716114133		0.973840122414
1267		0.000472489640		0.980478574461
1268		0.000473984401		0.980583523389
1269		0.000483067672		0.982835835175
1270		0.000477945968		0.982848394329
1271		0.000513619647		0.980503278586
1272		0.000632362926		0.978600157630
1273		0.000635937928		0.978552196611
1274		0.000505446844		0.981911978830
1275		0.000505703908		0.979693372668
1276		0.000524307867		0.979990418656
1277		0.000556144224		0.978890067340
1278		0.000465012202		0.982663351312
1279		0.000551806854		0.979056480514
1280		0.000655123227		0.975536510561
1281		0.000308884814		0.985946433458
1282		0.000691511608		0.975529615618
1283		0.000546700881		0.980459984796
1284		0.000635018720		0.978679908549
1285		0.000568381386		0.980518062900
1286		0.000434817962		0.982569786024
1287		0.000740758238		0.975313523749
1288		0.000898552076		0.974222436418
1289		0.000540353966		0.983136409656
1290		0.000575624277		0.980201564433
1291		0.000643230516		0.977933651958
1292		0.000534346973		0.981418227489
1293		0.000852692398		0.971164457068
1294		0.000523594192		0.979262049647
1295		0.000520212370		0.980175571245
1296		0.000692451471		0.974053225131
1297		0.000635670770		0.977409666202
1298		0.000559124898		0.980692849448
1299		0.000645634566		0.976401043292
1300		0.000710250480		0.978222028885
1301		0.000552740366		0.979018432453
1302		0.000720543577		0.974831993583
1303		0.000610337887		0.978591123649
1304		0.000533212744		0.980193801893
1305		0.000702789033		0.977116975387
1306		0.000404130460		0.983777682373
1307		0.000451985818		0.981446947808
1308		0.000480090777		0.982432934250
1309		0.000590899963		0.981149163294
1310		0.000479591478		0.981431282280
1311		0.000512655632		0.978971560503
1312		0.000592304034		0.977398990834
1313		0.000508365368		0.982168611224
1314		0.000544804068		0.978680551350
1315		0.000485837904		0.980639731215
1316		0.000638659679		0.977380941350
1317		0.000568510563		0.978749089496
1318		0.000644760744		0.977529191146
1319		0.000439109664		0.983108367935
1320		0.000524287122		0.981855168569
1321		0.000657589205		0.978530892865
1322		0.000430011527		0.983483081024
1323		0.000486715078		0.983542782770
1324		0.000620975139		0.978375510744
1325		0.000571753706		0.980573545168
1326		0.000542924682		0.978380805226
1327		0.000572290422		0.978738188836
1328		0.000657014056		0.977143920010
1329		0.000738323451		0.973677356763
1330		0.000408222939		0.982388620390
1331		0.000434904844		0.985406191399
1332		0.000476676512		0.981703663542
1333		0.000504839084		0.982458409277
1334		0.000596842426		0.976235233772
1335		0.000588189867		0.977149750765
1336		0.000464809167		0.983249437778
1337		0.000387531776		0.983854574022
1338		0.000582118323		0.977219329463
1339		0.000541504004		0.979632454386
1340		0.000533142846		0.977863240396
1341		0.000541553269		0.979020108496
1342		0.000589937071		0.977999061047
1343		0.000595190089		0.980952633399
1344		0.000541546813		0.979963594932
1345		0.000539999046		0.979827352640
1346		0.000648221336		0.975295576242
1347		0.000435405739		0.982126994958
1348		0.000632461465		0.975257728610
1349		0.000671721061		0.975197756623
1350		0.000785719691		0.973442251112
1351		0.000553287073		0.981281934212
1352		0.000495291804		0.983036202054
1353		0.000414920784		0.983827452147
1354		0.000614108602		0.981672457902
1355		0.000431957982		0.984727024184
1356		0.000707093193		0.975032562104
1357		0.000583734479		0.978601825193
1358		0.000443477700		0.984020639638
1359		0.000472283757		0.980373871768
1360		0.000621835636		0.976137662286
1361		0.000776394226		0.973447494746
1362		0.000667013166		0.977159209323
1363		0.000467282479		0.982813587880
1364		0.000423044041		0.982300975782
1365		0.000869767573		0.970384928375
1366		0.000523475621		0.981233151896
1367		0.000541137927		0.979148191079
1368		0.000580054802		0.979208439848
1369		0.000542925577		0.978348193957
1370		0.000562614908		0.977698947026
1371		0.000526215436		0.977822332393
1372		0.000689728230		0.977045574679
1373		0.000519991135		0.983001924227
1374		0.000635592636		0.978560995905
1375		0.000448502497		0.981939409784
1376		0.000448159934		0.983418437514
1377		0.000668099001		0.979685192029
1378		0.000430130632		0.982498087251
1379		0.000532229552		0.980645342199
1380		0.000484883938		0.980499024453
1381		0.000552737584		0.982279767501
1382		0.000508195516		0.983062157623
1383		0.000550374699		0.981289716641
1384		0.000503168380		0.983339209856
1385		0.000357269694		0.986413726280
1386		0.000536543060		0.980171806529
1387		0.000553377423		0.981509046578
1388		0.000601216764		0.977117181352
1389		0.000624877750		0.978392274774
1390		0.000492509577		0.980971139903
1391		0.000633610346		0.977425109912
1392		0.000703280588		0.976121994928
1393		0.000634350875		0.978594060307
1394		0.000520506705		0.981219849231
1395		0.000688560902		0.979241275635
1396		0.000406346200		0.984753486481
1397		0.000538388466		0.980889572606
1398		0.000483183202		0.981725213344
1399		0.000479671447		0.981601523798
1400		0.000572193513		0.978609865366
1401		0.000475818763		0.984241526062
1402		0.000415678735		0.981206889967
1403		0.000543070387		0.981919688045
1404		0.000483263090		0.983859767640
1405		0.000500344071		0.980884871777
1406		0.000605688211		0.978370217294
1407		0.000524731514		0.982373125262
1408		0.000627058003		0.977097449036
1409		0.000639976528		0.977113519333
1410		0.000665558974		0.975441933637
1411		0.000430100669		0.981153543636
1412		0.000606796098		0.978696267053
1413		0.000505485756		0.981620551892
1414		0.000551298597		0.981235212534
1415		0.000580778111		0.977005811736
1416		0.000472704237		0.981235331535
1417		0.000719676856		0.975667949448
1418		0.000624921986		0.977666090158
1419		0.000416580955		0.981809193284
1420		0.000544879693		0.979498669080
1421		0.000653841828		0.979765074165
1422		0.000467632798		0.982455908607
1423		0.000434224718		0.983806049696
1424		0.000561281896		0.980443690295
1425		0.000666210190		0.974017145052
1426		0.000654628531		0.975976074423
1427		0.000460410593		0.982259742725
1428		0.000382022714		0.982653833117
1429		0.000856389541		0.971332511558
1430		0.000639037217		0.977477029982
1431		0.000460884156		0.981036527202
1432		0.000615715535		0.975206565806
1433		0.000524238848		0.980310372469
1434		0.000481010258		0.980656036785
1435		0.000566285315		0.978921773797
1436		0.000453861747		0.983118475259
1437		0.000543839538		0.981471655144
1438		0.000525004310		0.981966106566
1439		0.000690546690		0.976462453098
1440		0.000575831559		0.979826204850
1441		0.000556782495		0.980217378276
1442		0.000575787918		0.977469041526
1443		0.000626702775		0.977328790778
1444		0.000705706066		0.974264419995
1445		0.000695570038		0.975226717124
1446		0.000602289877		0.980976128373
1447		0.000711239704		0.972289107857
1448		0.000529109940		0.982121473239
1449		0.000490375957		0.982509423507
1450		0.000649545708		0.976396235440
1451		0.000579858864		0.981468595568
1452		0.000443785833		0.983604068023
1453		0.000622772037		0.978781994637
1454		0.000436118002		0.981593658883
1455		0.000419186714		0.984020640568
1456		0.000800037165		0.975576189403
1457		0.000794460742		0.970778235339
1458		0.000675075740		0.977117899943
1459		0.000405684001		0.983520315058
1460		0.000553869157		0.979654978982
1461		0.000553895787		0.979028337915
1462		0.000456498947		0.981370655028
1463		0.000519689980		0.978844525951
1464		0.000614422760		0.978041992071
1465		0.000609930500		0.978649738772
1466		0.000778013262		0.975727599850
1467		0.000510573884		0.980823134558
1468		0.000597937120		0.976139270462
1469		0.000494840144		0.980541928622
1470		0.000435781059		0.983438806465
1471		0.000429298614		0.982560364651
1472		0.000561940147		0.979707526928
1473		0.000756038165		0.975861255347
1474		0.000605965095		0.975619804216
1475		0.000538842641		0.980870994610
1476		0.000474980420		0.981085041846
1477		0.000423347023		0.981755777863
1478		0.000534250755		0.981011000611
1479		0.000664158908		0.976336492930
1480		0.000528052573		0.979999227920
1481		0.000557279926		0.980285729324
1482		0.000552095695		0.979408035843
1483		0.000476456255		0.981996998530
1484		0.000688332901		0.975504713217
1485		0.000475958230		0.982636811797
1486		0.000685090507		0.977050588444
1487		0.000453592381		0.983783400982
1488		0.000498800261		0.980522667712
1489		0.000628803496		0.978121831132
1490		0.000564995006		0.979006236984
1491		0.000575872010		0.977587943286
1492		0.000633378800		0.978575866262
1493		0.000496624609		0.982044846232
1494		0.000472444189		0.983278517545
1495		0.000552082237		0.976942072396
1496		0.000599937055		0.979576664865
1497		0.000492207075		0.982186709993
1498		0.000558098904		0.978541367003
1499		0.000681953626		0.976209630767
1500		0.000528687376		0.980871124890
1501		0.000528662105		0.980792324584
1502		0.000640815389		0.977950688608
1503		0.000474799283		0.980339794502
1504		0.000634244013		0.975872235211
1505		0.000453802303		0.981283649478
1506		0.000499117922		0.982622215873
1507		0.000631508077		0.977688894030
1508		0.000508905404		0.980594245666
1509		0.000641490690		0.976243654768
1510		0.000613137173		0.979270939965
1511		0.000465888804		0.981040407934
1512		0.000815594146		0.971940712125
1513		0.000579859401		0.976606947742
1514		0.000633784079		0.977155149703
1515		0.000580365316		0.977158453953
1516		0.000489037262		0.980775181364
1517		0.000519791290		0.982060111289
1518		0.000512164322		0.981540193447
1519		0.000708940440		0.974542840826
1520		0.000767555162		0.975085247918
1521		0.000588529169		0.979093762377
1522		0.000529954299		0.977622987096
1523		0.000359043757		0.984064033683
1524		0.000613241231		0.976561673177
1525		0.000656235884		0.977653640167
1526		0.000611087709		0.977128874689
1527		0.000744717441		0.974275978864
1528		0.000641705135		0.979854390466
1529		0.000481337994		0.983903123081
1530		0.000487611383		0.979258381210
1531		0.000582784668		0.977756346003
1532		0.000500300636		0.982904317998
1533		0.000683662046		0.976603604809
1534		0.000615592135		0.977971203130
1535		0.000509648684		0.981304950005
1536		0.000587995178		0.979120471390
1537		0.000751454433		0.975859496210
1538		0.000526796207		0.979807218715
1539		0.000549989802		0.977451954750
1540		0.000495668958		0.981462701035
1541		0.000532526914		0.980449354525
1542		0.000501290533		0.981203260164
1543		0.000425005225		0.982837962763
1544		0.000522452561		0.981049693580
1545		0.000409333343		0.983371911215
1546		0.000614445693		0.979435741031
1547		0.000440991646		0.983042375734
1548		0.000480060742		0.980043542940
1549		0.000714687292		0.976175663803
1550		0.000547962263		0.980639676185
1551		0.000720672064		0.971877122697
1552		0.000509143371		0.981342637662
1553		0.000639991877		0.978676716464
1554		0.000602048304		0.979925565790
1555		0.000535125459		0.979065866993
1556		0.000563724804		0.980697072229
1557		0.000615608735		0.977600429506
1558		0.000630901409		0.974816682496
1559		0.000511696623		0.980388685591
1560		0.000450854116		0.984261669184
1561		0.000418476103		0.983551612859
1562		0.000569497110		0.977544496469
1563		0.000698191766		0.973202314034
1564		0.000542549392		0.980447778167
1565		0.000534163785		0.978840875258
1566		0.000514384220		0.979807704948
1567		0.000580116253		0.979050234970
1568		0.000517031169		0.981281885831
1569		0.000690253156		0.976888532459
1570		0.000577230178		0.979838532504
1571		0.000512229870		0.979626824332
1572		0.000528386575		0.980128838691
1573		0.000493810209		0.980752759894
1574		0.000596095374		0.976936797378
1575		0.000538696219		0.979359343051
1576		0.000729648357		0.973843262840
1577		0.000466754904		0.981913073605
1578		0.000588956071		0.978760630149
1579		0.000697001947		0.972967973826
1580		0.000544806723		0.980807524851
1581		0.000563007285		0.979145745698
1582		0.000488513356		0.981594662527
1583		0.000579625717		0.979277943749
1584		0.000681277756		0.979135638588
1585		0.000571010364		0.979379178651
1586		0.000535127623		0.978518225393
1587		0.000603388475		0.981142527391
1588		0.000750641915		0.974535112423
1589		0.000647608670		0.974875653643
1590		0.000420533005		0.982820774025
1591		0.000691771390		0.976853802004
1592		0.000522254075		0.979650269470
1593		0.000464089277		0.982224271042
1594		0.000608986498		0.978417328380
1595		0.000644115798		0.977884440310
1596		0.000373701964		0.982665402327
1597		0.000451869045		0.982282995385
1598		0.000570632532		0.978921695285
1599		0.000577445785		0.979465404370
1600		0.000431643930		0.982760601313
1601		0.000462012307		0.983000410550
1602		0.000488201545		0.980572951695
1603		0.000556000764		0.976774074547
1604		0.000439361597		0.982747393638
1605		0.000621054792		0.977302743961
1606		0.000603912858		0.976678563908
1607		0.000534228544		0.979183226191
1608		0.000532117268		0.980412082906
1609		0.000494159168		0.982718651442
1610		0.000481523682		0.981054855427
1611		0.000461504965		0.982293987793
1612		0.000481980511		0.978199085790
1613		0.000505903080		0.980524496431
1614		0.000539717468		0.979967022840
1615		0.000571668794		0.978706233082
1616		0.000504314807		0.982535638906
1617		0.000599763503		0.977751813563
1618		0.000666839464		0.978977954529
1619		0.000498554952		0.981521609317
1620		0.000420513424		0.983275815181
1621		0.000594880101		0.976687315176
1622		0.000549845602		0.981064752499
1623		0.000543249196		0.980004383951
1624		0.000437904053		0.980237664666
1625		0.000503223918		0.981367604400
1626		0.000656377657		0.978539216236
1627		0.000872878197		0.970355389274
1628		0.000489711683		0.981506130575
1629		0.000456319680		0.982045981955
1630		0.000568612512		0.979856247168
1631		0.000519453752		0.981132975697
1632		0.000553035118		0.978993993402
1633		0.000556035930		0.977955042949
1634		0.000565610370		0.976721243173
1635		0.000436083157		0.984891265361
1636		0.000423244464		0.983573168082
1637		0.000642100138		0.978142636896
1638		0.000613500802		0.979207643897
1639		0.000486808992		0.980032826554
1640		0.000427256851		0.982181195424
1641		0.000657883264		0.974814253938
1642		0.000531117699		0.981309979971
1643		0.000493834766		0.979929824701
1644		0.000511966043		0.980643217137
1645		0.000420682350		0.984664147502
1646		0.000461236156		0.981043274622
1647		0.000625361227		0.975265519398
1648		0.000589780032		0.978006227774
1649		0.000559033262		0.981586137915
1650		0.000561133751		0.978326216329
1651		0.000887199027		0.972787637664
1652		0.000612543349		0.981118911704
1653		0.000501172114		0.981712925380
1654		0.000519461442		0.978419960051
1655		0.000639370972		0.977623937050
1656		0.000485956786		0.980377289603
1657		0.000486563452		0.979225255695
1658		0.000872009186		0.970603119664
1659		0.000444466050		0.984486829869
1660		0.000551875521		0.979100026721
1661		0.000682869845		0.977035516680
1662		0.000458458470		0.980398653328
1663		0.000712012700		0.976810514552
1664		0.000706479919		0.974445649719
1665		0.000517900164		0.980449612143
1666		0.000498869342		0.980673243500
1667		0.000722954090		0.973806327341
1668		0.000473423420		0.982055192655
1669		0.000428976844		0.983549280197
1670		0.000535928974		0.979813764670
1671		0.000627809975		0.976452162676
1672		0.000643074749		0.978049692829
1673		0.000463656395		0.981802165091
1674		0.000595537493		0.978265867844
1675		0.000818843940		0.970931419175
1676		0.000540341410		0.981334635732
1677		0.000585334481		0.978646765286
1678		0.000595863617		0.978674351101
1679		0.000517689331		0.979438348652
1680		0.000510850089		0.981642930726
1681		0.000552040138		0.978409228798
1682		0.000317037109		0.985546044319
1683		0.000603489086		0.978530265681
1684		0.000607281405		0.979532465144
1685		0.000557261056		0.978520840509
1686		0.000583152801		0.981158189080
1687		0.000590504485		0.976707657956
1688		0.000541153441		0.979802513092
1689		0.000545499467		0.980895553912
1690		0.000592296972		0.979991531612
1691		0.000453844180		0.981927847541
1692		0.000548562154		0.979030933522
1693		0.000627691055		0.979252651019
1694		0.000740084842		0.975688331381
1695		0.000427663505		0.981952242047
1696		0.000560660050		0.976672073010
1697		0.000624219943		0.979553214854
1698		0.000526372049		0.980150365986
1699		0.000577536115		0.979488282844
1700		0.000625405793		0.978279502295
1701		0.000543707723		0.979284777064
1702		0.000543093568		0.980144498258
1703		0.000422832677		0.983566912502
1704		0.000585144341		0.978001698650
1705		0.000431730935		0.983888152069
1706		0.000631948254		0.976619479167
1707		0.000558375669		0.979438241862
1708		0.000476722419		0.980358287902
1709		0.000464618639		0.981471054927
1710		0.000447560398		0.982815149167
1711		0.000596993667		0.975852580725
1712		0.000699679595		0.976344900454
1713		0.000603909051		0.977459794146
1714		0.000571429068		0.981246855053
1715		0.000486220013		0.980873200885
1716		0.000396682662		0.984882335501
1717		0.000740557850		0.973549715834
1718		0.000693267747		0.976268653603
1719		0.000615314665		0.977829222070
1720		0.000615079242		0.975524284853
1721		0.000585750301		0.979412498200
1722		0.000586609565		0.979227825071
1723		0.000454125067		0.983076476944
1724		0.000523298372		0.981822514332
1725		0.000879418762		0.973101407585
1726		0.000494004784		0.981520653839
1727		0.000471773923		0.982243542375
1728		0.000510691265		0.979865280811
1729		0.000591648777		0.978669019132
1730		0.000508969872		0.979584334708
1731		0.000410629956		0.984363748306
1732		0.000682702492		0.977294872996
1733		0.000543629940		0.978765454900
1734		0.000383940880		0.984296909619
1735		0.000651184573		0.977746432325
1736		0.000544765416		0.978371101082
1737		0.000664190368		0.976163748703
1738		0.000400548413		0.983809529458
1739		0.000533788308		0.981267115713
1740		0.000648912911		0.978109757220
1741		0.000605008566		0.978253667366
1742		0.000482602738		0.980586789722
1743		0.000575786745		0.979575757683
1744		0.000445861152		0.980249866026
1745		0.000486714156		0.981941900006
1746		0.000466975019		0.981391502791
1747		0.000404742262		0.983897665244
1748		0.000527126793		0.978619420316
1749		0.000630709841		0.978175171472
1750		0.000726188402		0.974761356404
1751		0.000687057640		0.973987513026
1752		0.000715517431		0.975345584201
1753		0.000498635825		0.979863000135
1754		0.000387503915		0.984246752911
1755		0.000484244691		0.982193281508
1756		0.000656825891		0.977207628609
1757		0.000594140494		0.977285810877
1758		0.000749045890		0.973761531727
1759		0.000610222451		0.976368574699
1760		0.000607035486		0.976744294723
1761		0.000515677063		0.978930328025
1762		0.000507248790		0.982965883791
1763		0.000523546748		0.981083529562
1764		0.000528805671		0.977723854101
1765		0.000458422941		0.981950507025
1766		0.000515514988		0.977906444243
1767		0.000712203490		0.973795329052
1768		0.000503133234		0.980521497844
1769		0.000526439104		0.978325469856
1770		0.000497373788		0.979940079309
1771		0.000486439979		0.981675222838
1772		0.000680595012		0.975575283988
1773		0.000535682383		0.978640724175
1774		0.000454227914		0.982575598961
1775		0.000529221354		0.979496224986
1776		0.000471586642		0.982159711947
1777		0.000394183437		0.983449558167
1778		0.000607591534		0.978215179999
1779		0.000604454582		0.976158860192
1780		0.000434955996		0.982202789054
1781		0.000644880940		0.974786190417
1782		0.000566207963		0.979704287349
1783		0.000651396596		0.978766103106
1784		0.000383613787		0.986789300589
1785		0.000560229009		0.980076898288
1786		0.000445318027		0.983129259706
1787		0.000475419243		0.981473183294
1788		0.000437750917		0.984294011733
1789		0.000771070855		0.973148411057
1790		0.000548064673		0.980801634054
1791		0.000482488740		0.983065518684
1792		0.000482038896		0.981751049214
1793		0.000511039022		0.981111352204
1794		0.000587835948		0.979050996596
1795		0.000685444108		0.976346546973
1796		0.000731713500		0.974441625508
1797		0.000567342714		0.978335081420
1798		0.000657354254		0.975109959894
1799		0.000595581742		0.978614395303
1800		0.000522352426		0.979609580401
1801		0.000617995140		0.977852768263
1802		0.000789732559		0.974290437559
1803		0.000466304084		0.982923952219
1804		0.000688630034		0.972935527848
1805		0.000462631838		0.981813302816
1806		0.000572644894		0.975816690260
1807		0.000740801603		0.976386550505
1808		0.000554604347		0.980292304424
1809		0.000453499146		0.981815580687
1810		0.000577813917		0.979094730435
1811		0.000608350182		0.976068195184
1812		0.000588862455		0.979126583150
1813		0.000704761943		0.974555486979
1814		0.000472104846		0.981574860778
1815		0.000572643915		0.977954442600
1816		0.000479940527		0.981730348094
1817		0.000654010709		0.978224582595
1818		0.000544569322		0.981002716013
1819		0.000462313392		0.982363616118
1820		0.000452680150		0.979903712275
1821		0.000641569560		0.979561626002
1822		0.000526480360		0.978738351011
1823		0.000455682428		0.982799756436
1824		0.000569480399		0.978840363684
1825		0.000347160160		0.986205000218
1826		0.000452485534		0.982212848009
1827		0.000619941506		0.977436991299
1828		0.000719439748		0.977185713326
1829		0.000475572713		0.981240863595
1830		0.000596105686		0.979685641450
1831		0.000552095808		0.976988025366
1832		0.000454979780		0.982797656139
1833		0.000486243786		0.979963451767
1834		0.000429092098		0.981566802532
1835		0.000579290152		0.976529155326
1836		0.000603292366		0.975860865552
1837		0.000336077550		0.985752473248
1838		0.000497991639		0.982314208741
1839		0.000597487749		0.978708487485
1840		0.000601858567		0.978666208281
1841		0.000574035509		0.977105522283
1842		0.000562172774		0.979009083515
1843		0.000492560240		0.981472316899
1844		0.000465013843		0.982433558085
1845		0.000604775668		0.978571321097
1846		0.000652786512		0.978212629015
1847		0.000656609487		0.977359101345
1848		0.000503333528		0.982971408005
1849		0.000599264034		0.978866936897
1850		0.000644088056		0.975874510072
1851		0.000554012426		0.979655475974
1852		0.000399493861		0.983479802559
1853		0.000467656150		0.983873016547
1854		0.000688796609		0.976760395730
1855		0.000603113361		0.976813331693
1856		0.000571930973		0.979745481511
1857		0.000427732269		0.983494543265
1858		0.000509017441		0.979891587751
1859		0.000407338515		0.981800271859
1860		0.000411023902		0.985040394712
1861		0.000447298560		0.982305882525
1862		0.000735393757		0.974443021218
1863		0.000624769517		0.978543832265
1864		0.000403410737		0.984251141693
1865		0.000534086095		0.980430513198
1866		0.000563161766		0.977767170864
1867		0.000577969206		0.979020859626
1868		0.000632417242		0.977287950158
1869		0.000709692211		0.976555515737
1870		0.000491214342		0.981696088334
1871		0.000614482126		0.979539976471
1872		0.000575777339		0.980392231381
1873		0.000692305536		0.977657108746
1874		0.000456442377		0.981751361981
1875		0.000596264215		0.978346203564
1876		0.000598862588		0.978883137904
1877		0.000487890966		0.977687153847
1878		0.000487076272		0.982297876975
1879		0.000518041589		0.981850514392
1880		0.000529877479		0.980740548073
1881		0.000490721093		0.981650258095
1882		0.000660499912		0.979527716680
1883		0.000519285204		0.979421402222
1884		0.000494039930		0.980385091512
1885		0.000584064430		0.976421059551
1886		0.000549805624		0.981398581105
1887		0.000594424556		0.977069821135
1888		0.000507301234		0.980317250266
1889		0.000431620246		0.980244439663
1890		0.000555747879		0.980438751277
1891		0.000595387003		0.978713657827
1892		0.000461018436		0.982031064641
1893		0.000397557419		0.981508556834
1894		0.000447489298		0.982872472305
1895		0.000391348017		0.984823480772
1896		0.000583309163		0.977987267090
1897		0.000615112055		0.978486760126
1898		0.000595894508		0.976770857989
1899		0.000574468785		0.978727268103
1900		0.000632542124		0.974270759030
1901		0.000554674991		0.979572698435
1902		0.000447516408		0.984332562032
1903		0.000332838902		0.986239586027
1904		0.000701475467		0.976042555472
1905		0.000516658191		0.979948271641
1906		0.000598319781		0.978684631227
1907		0.000547321381		0.980131301443
1908		0.000578188109		0.979202907446
1909		0.000602971886		0.977397759390
1910		0.000625922803		0.979153015978
1911		0.000550113080		0.980004653896
1912		0.000779358140		0.973387249875
1913		0.000639492422		0.978550612590
1914		0.000478215324		0.983569301167
1915		0.000652738549		0.975650496605
1916		0.000603260951		0.978210512548
1917		0.000516474972		0.978879743612
1918		0.000468383949		0.981605990739
1919		0.000642290727		0.977990974425
1920		0.000447376500		0.982816532845
1921		0.000540697146		0.980049998740
1922		0.000590777804		0.977421449862
1923		0.000562437200		0.979104625370
1924		0.000530118463		0.978541010162
1925		0.000712284275		0.975073223335
1926		0.000399155423		0.985694277582
1927		0.000735917199		0.973336341908
1928		0.000628986064		0.977401899914
1929		0.000441330235		0.981565900327
1930		0.000592075605		0.977826698158
1931		0.000638231869		0.976969711594
1932		0.000436743622		0.984580446690
1933		0.000583104246		0.975680127237
1934		0.000699034185		0.976148956088
1935		0.000531021467		0.979938176786
1936		0.000698766747		0.975833028989
1937		0.000457244245		0.980832871597
1938		0.000602187828		0.978791688224
1939		0.000538449670		0.980398366288
1940		0.000512958025		0.980746477289
1941		0.000427340662		0.982376044243
1942		0.000704693744		0.975518776522
1943		0.000585961411		0.977756918767
1944		0.000637352924		0.977406892808
1945		0.000679648578		0.976671584459
1946		0.000494489220		0.980410542373
1947		0.000563525136		0.979458421864
1948		0.000699707998		0.977699656866
1949		0.000490811287		0.981646925812
1950		0.000462512310		0.982310110656
1951		0.000628464502		0.975645564606
1952		0.000568551827		0.979680871172
1953		0.000668648274		0.974094180408
1954		0.000478733985		0.982019871863
1955		0.000452905267		0.980754294754
1956		0.000582319582		0.979226983988
1957		0.000476260335		0.982789751663
1958		0.000585668764		0.978740045612
1959		0.000716514508		0.978806445603
1960		0.000699139152		0.976063579864
1961		0.000547096518		0.980758391929
1962		0.000608317748		0.978505428823
1963		0.000558551742		0.980869882113
1964		0.000535442901		0.979846159875
1965		0.000425755954		0.982512218001
1966		0.000728486736		0.975766381150
1967		0.000410857778		0.983670256856
1968		0.000467880097		0.980734290777
1969		0.000439246430		0.982905435029
1970		0.000752199996		0.971712269235
1971		0.000607735312		0.979930544239
1972		0.000587388799		0.978616601807
1973		0.000455040205		0.982377550953
1974		0.000446306286		0.984245191686
1975		0.000472918296		0.981053784382
1976		0.000631903278		0.976234763536
1977		0.000550529149		0.977962005018
1978		0.000503072966		0.980321254580
1979		0.000486518674		0.981794947760
1980		0.000432934737		0.981277270675
1981		0.000468973172		0.982875414516
1982		0.000553292002		0.979071849454
1983		0.000641156822		0.978284888550
1984		0.000573670093		0.977785894345
1985		0.000643740554		0.977233256201
1986		0.000653098050		0.976061371899
1987		0.000632647877		0.978340939657
1988		0.000629674900		0.978249984599
1989		0.000557359563		0.980646138350
1990		0.000683861726		0.977157439207
1991		0.000463804147		0.982798028652
1992		0.000657135343		0.976887671606
1993		0.000571899140		0.978733481790
1994		0.000624776930		0.977909354804
1995		0.000630992306		0.977744152497
1996		0.000497379393		0.980780237521
1997		0.000536831084		0.979074347653
1998		0.000592188924		0.980613267030
1999		0.000555470672		0.979203805768
2000		0.000370758975		0.985358800436
2001		0.000622622363		0.975770008111
2002		0.000612210973		0.978402502270
2003		0.000579096079		0.980910129115
2004		0.000440790555		0.982580658168
2005		0.000556541854		0.978917332521
2006		0.000520536360		0.980850359540
2007		0.000427949985		0.983918584809
2008		0.000697394941		0.974988676434
2009		0.000585411601		0.978473017748
2010		0.000438004802		0.982425360734
2011		0.000482951770		0.982903992427
2012		0.000536123079		0.980601184653
2013		0.000522745962		0.979169828347
2014		0.000485711617		0.981413744125
2015		0.000600527066		0.981372252578
2016		0.000598576023		0.979649038561
2017		0.000498703651		0.981475813021
2018		0.000523664043		0.981069154527
2019		0.000450055342		0.981874608595
2020		0.000570562968		0.978818439443
2021		0.000409359278		0.985037711659
2022		0.000498804040		0.979744981929
2023		0.000310860503		0.987114414610
2024		0.000434343631		0.983533879087
2025		0.000535469484		0.981419475728
2026		0.000536422609		0.974305468194
2027		0.000550527566		0.979666806646
2028		0.000644040065		0.977928952594
2029		0.000503128161		0.981954742152
2030		0.000646163975		0.976313704185
2031		0.000445569897		0.984300145946
2032		0.000410618647		0.983267048925
2033		0.000577902487		0.977347243073
2034		0.000524578512		0.978737505400
2035		0.000575017790		0.977588172667
2036		0.000476367218		0.982849666319
2037		0.000678969029		0.976596219452
2038		0.000452402149		0.980894603334
2039		0.000725112694		0.974016562676
2040		0.000511052111		0.981812826998
2041		0.000473862743		0.981224243341
2042		0.000500019282		0.980013615613
2043		0.000645324765		0.977441986265
2044		0.000478191012		0.981452094363
2045		0.000576565932		0.978874840156
2046		0.000446552146		0.982963418644
2047		0.000538153376		0.978431880647
2048		0.000396379676		0.981868762810
2049		0.000545475105		0.977436440247
2050		0.000495686964		0.982735135200
2051		0.000429951444		0.983829093965
2052		0.000483538217		0.980070601157
2053		0.000539446996		0.979043968508
2054		0.000582392727		0.978359839350
2055		0.000446662134		0.982268492929
2056		0.000539425446		0.980112722567
2057		0.000573655271		0.978062531707
2058		0.000535759154		0.979446122332
2059		0.000592005668		0.978440555660
2060		0.000585478249		0.978220865461
2061		0.000515272299		0.982017428230
2062		0.000422463652		0.981790987696
2063		0.000553144646		0.979368009868
2064		0.000429804380		0.981535438046
2065		0.000486406889		0.982415244685
2066		0.000647422988		0.975518840801
2067		0.000451045324		0.980686839146
2068		0.000664449145		0.977126649614
2069		0.000566800594		0.979466869378
2070		0.000777933529		0.975487553362
2071		0.000592571326		0.980379553890
2072		0.000620564427		0.975790397125
2073		0.000508210033		0.981469687876
2074		0.000462045856		0.980836146308
2075		0.000635721352		0.979880341237
2076		0.000522112716		0.982301493794
2077		0.000619332441		0.979499957920
2078		0.000647528420		0.979640594253
2079		0.000406703116		0.984059911674
2080		0.000397710621		0.984309338911
2081		0.000506578920		0.979950994925
2082		0.000553052105		0.978041041337
2083		0.000626264895		0.976899848291
2084		0.000750938808		0.972908539928
2085		0.000532227925		0.979418008756
2086		0.000506846653		0.979768689609
2087		0.000675080368		0.976836082046
2088		0.000645942375		0.975822479871
2089		0.000691282160		0.974397826015
2090		0.000686386459		0.977163496165
2091		0.000454974157		0.981171012873
2092		0.000536169337		0.981396342653
2093		0.000438431421		0.981121435924
2094		0.000485549486		0.982058685344
2095		0.000629118751		0.975936303082
2096		0.000548320499		0.979188115696
2097		0.000625069710		0.977679438888
2098		0.000624891658		0.976693745032
2099		0.000600673651		0.978913184880
2100		0.000533278845		0.981023311369
2101		0.000795397433		0.971352346310
2102		0.000445227605		0.981509736952
2103		0.000631784589		0.976988117606
2104		0.000526674951		0.981393894135
2105		0.000564935075		0.979680707374
2106		0.000772798018		0.972673022966
2107		0.000483543773		0.981535893952
2108		0.000404401859		0.984094827294
2109		0.000404439226		0.982372729038
2110		0.000500446098		0.979813425107
2111		0.000482972071		0.981127170250
2112		0.000636734684		0.979331660327
2113		0.000598146568		0.979776305405
2114		0.000560139057		0.981654144017
2115		0.000491723614		0.981304647670
2116		0.000432635219		0.981975123040
2117		0.000560550075		0.979702015846
2118		0.000552622503		0.977746567682
2119		0.000554068550		0.981400833399
2120		0.000464340435		0.983129835828
2121		0.000432735180		0.983602872988
2122		0.000494540074		0.981528436788
2123		0.000518434172		0.983854802443
2124		0.000546189937		0.981245456195
2125		0.000564186558		0.980198802880
2126		0.000431775595		0.982203444049
2127		0.000563153161		0.978237488200
2128		0.000515693084		0.981896571737
2129		0.000570322657		0.979299810411
2130		0.000653312212		0.977628419174
2131		0.000496988213		0.980552702323
2132		0.000553548585		0.980339511911
2133		0.000530913531		0.978751509110
2134		0.000457256168		0.982291863866
2135		0.000530642220		0.981441997634
2136		0.000702323747		0.976568536968
2137		0.000458839722		0.979969497036
2138		0.000578199154		0.977987508412
2139		0.000649654488		0.977030311825
2140		0.000615438548		0.979160593405
2141		0.000548054341		0.979457044408
2142		0.000431736745		0.983916745118
2143		0.000476259219		0.979820502831
2144		0.000516036390		0.981894449678
2145		0.000702197278		0.975149766870
2146		0.000640358530		0.977619056720
2147		0.000582629381		0.980353366263
2148		0.000555750801		0.980645813652
2149		0.000674653325		0.976474585849
2150		0.000832620834		0.973312949812
2151		0.000476892645		0.981366568698
2152		0.000511152418		0.980514053812
2153		0.000465550842		0.981640203286
2154		0.000609951538		0.977766930058
2155		0.000603776995		0.975868099567
2156		0.000496613257		0.981208371187
2157		0.000483945069		0.980628711048
2158		0.000541303794		0.979336504864
2159		0.000669896890		0.975770745747
2160		0.000450290104		0.983021951929
2161		0.000490574878		0.982054044400
2162		0.000737111330		0.974367882073
2163		0.000598596753		0.978762805720
2164		0.000411859525		0.984416774846
2165		0.000426878447		0.984043973080
2166		0.000520206775		0.980190472140
2167		0.000479143344		0.981290105764
2168		0.000696654065		0.974479201457
2169		0.000583549257		0.979061378773
2170		0.000546551069		0.979954614379
2171		0.000466329921		0.983085370628
2172		0.000506918726		0.981191858053
2173		0.000520077384		0.979221866388
2174		0.000458558055		0.981111303093
2175		0.000525396142		0.980633021721
2176		0.000486119536		0.981451858534
2177		0.000492883851		0.982391781939
2178		0.000576072299		0.980152176269
2179		0.000593572575		0.978040891107
2180		0.000455402987		0.980864432554
2181		0.000472627418		0.983105417476
2182		0.000602764691		0.978226333946
2183		0.000667046045		0.975422151269
2184		0.000590433465		0.978905930373
2185		0.000464886363		0.979234620672
2186		0.000782128392		0.973403293312
2187		0.000626268910		0.976428811391
2188		0.000451746105		0.983960019957
2189		0.000545641267		0.980276402620
2190		0.000604085413		0.977691832814
2191		0.000505560842		0.979468512646
2192		0.000511198771		0.981220913314
2193		0.000498376969		0.981145604130
2194		0.000415137496		0.984894302685
2195		0.000615520379		0.977211176741
2196		0.000603444996		0.980341602391
2197		0.000748505082		0.973861611886
2198		0.000576124149		0.979672948956
2199		0.000497598260		0.981564657910
2200		0.000533660129		0.980413306658
2201		0.000658274477		0.975312336233
2202		0.000719538829		0.973666611337
2203		0.000518004231		0.980579547916
2204		0.000429811906		0.985542137199
2205		0.000519851302		0.980554608453
2206		0.000548860570		0.979779218823
2207		0.000700090144		0.974324466108
2208		0.000733771666		0.974736409930
2209		0.000551321182		0.976610160536
2210		0.000679268897		0.974534389154
2211		0.000461549968		0.982650175618
2212		0.000507229892		0.982642492749
2213		0.000574194569		0.978411640156
2214		0.000707621653		0.975627344113
2215		0.000399224246		0.984541896160
2216		0.000515082578		0.981075711795
2217		0.000600870561		0.978076323537
2218		0.000627087446		0.979405748877
2219		0.000622991493		0.976044445501
2220		0.000431282592		0.983176053404
2221		0.000477049134		0.982216663759
2222		0.000618278524		0.978529361107
2223		0.000474055401		0.982359802629
2224		0.000497285043		0.979249129154
2225		0.000630509178		0.978759586564
2226		0.000650309453		0.975489879318
2227		0.000423992668		0.982374053161
2228		0.000618318736		0.977403693899
2229		0.000693564078		0.978356122538
2230		0.000584643636		0.978147509703
2231		0.000511745349		0.981316387787
2232		0.000551475652		0.979586586970
2233		0.000502092817		0.980234474904
2234		0.000457428871		0.984004812772
2235		0.000435760442		0.984274088028
2236		0.000598552966		0.976643368304
2237		0.000620473706		0.977996035186
2238		0.000469485541		0.981450059854
2239		0.000525588056		0.981264797027
2240		0.000542611891		0.981706242735
2241		0.000528069120		0.979139777087
2242		0.000518246924		0.982000309858
2243		0.000672243396		0.978062748734
2244		0.000565207792		0.978908094526
2245		0.000547699625		0.980741135646
2246		0.000750108688		0.974189232280
2247		0.000712166332		0.974789281787
2248		0.000554337775		0.981466608552
2249		0.000649538810		0.976445248405
2250		0.000537307270		0.979660275824
2251		0.000430644776		0.982754588153
2252		0.000378791955		0.986351661666
2253		0.000513941445		0.979731338907
2254		0.000606624332		0.980289896513
2255		0.000677416836		0.975069576407
2256		0.000538613603		0.980532225511
2257		0.000646572241		0.979969001195
2258		0.000594163088		0.978861668077
2259		0.000464575840		0.977830839037
2260		0.000538111899		0.979976004392
2261		0.000537413556		0.979812303363
2262		0.000538258031		0.980110982631
2263		0.000535415081		0.981233790833
2264		0.000490511606		0.981341538859
2265		0.000551801381		0.979598899491
2266		0.000553697605		0.979352986090
2267		0.000650660506		0.975732020719
2268		0.000667229749		0.976511409270
2269		0.000685837697		0.976249315426
2270		0.000618910284		0.977207362301
2271		0.000560240717		0.981396941933
2272		0.000453961764		0.983255399648
2273		0.000587767477		0.977349072735
2274		0.000626413714		0.977506107249
2275		0.000608727223		0.980080204694
2276		0.000608163255		0.980288585023
2277		0.000393183069		0.984695379960
2278		0.000441612821		0.982845481676
2279		0.000649622918		0.977699009297
2280		0.000791016426		0.972729257246
2281		0.000535105119		0.978609236944
2282		0.000445387497		0.982516854762
2283		0.000552488418		0.981205094373
2284		0.000419099432		0.982625202565
2285		0.000822026408		0.974762292740
2286		0.000625939279		0.977967650368
2287		0.000604411058		0.978311439823
2288		0.000601893659		0.978097057468
2289		0.000635630075		0.977016434110
2290		0.000550287468		0.979717679992
2291		0.000462426304		0.981238952620
2292		0.000549792327		0.979759942885
2293		0.000484387315		0.981918671094
2294		0.000534539902		0.980458992785
2295		0.000509814554		0.981413354654
2296		0.000645320266		0.977419327409
2297		0.000354888836		0.985601425732
2298		0.000510961008		0.980928574593
2299		0.000481174111		0.982380595268
2300		0.000720753051		0.974909682407
2301		0.000597322437		0.976771628652
2302		0.000503452546		0.981891344066
2303		0.000619555949		0.977901522989
2304		0.000425869706		0.982051097459
2305		0.000541262412		0.979856344681
2306		0.000461561606		0.981973406197
2307		0.000526457700		0.980200000081
2308		0.000462723612		0.981667905397
2309		0.000388405639		0.981500481026
2310		0.000617446886		0.978189838113
2311		0.000492549381		0.981197405026
2312		0.000385380494		0.984773366548
2313		0.000612123961		0.979736517568
2314		0.000578011526		0.978491343559
2315		0.000627783223		0.978888110345
2316		0.000367309481		0.986791535891
2317		0.000371892175		0.982569508456
2318		0.000437635649		0.982712537603
2319		0.000500401890		0.982450526310
2320		0.000515788347		0.980730179058
2321		0.000705078143		0.975304231582
2322		0.000422880611		0.982952273518
2323		0.000494732740		0.980013446081
2324		0.000513584487		0.981087438805
2325		0.000614079673		0.976914151397
2326		0.000487786503		0.980588817710
2327		0.000518566083		0.980545867806
2328		0.000514497947		0.980117309613
2329		0.000500794359		0.980310887412
2330		0.000532529374		0.980219947369
2331		0.000526608149		0.981844153217
2332		0.000717794107		0.974403485015
2333		0.000601726150		0.979437620303
2334		0.000690282047		0.975317003253
2335		0.000463740853		0.983008868649
2336		0.000910183739		0.970437909688
2337		0.000540370529		0.981052150331
2338		0.000860790986		0.972320991509
2339		0.000625723370		0.976402143599
2340		0.000472438501		0.982401199004
2341		0.000500967065		0.981290045396
2342		0.000489472240		0.981014881982
2343		0.000409211481		0.983795041479
2344		0.000620841240		0.978073587758
2345		0.000497248445		0.980174257461
2346		0.000595436427		0.979098100662
2347		0.000491663736		0.981434949391
2348		0.000751025276		0.970685175275
2349		0.000523683918		0.980790344979
2350		0.000510958781		0.983041650698
2351		0.000566801454		0.979316436883
2352		0.000663187627		0.973960175274
2353		0.000584292417		0.977954979552
2354		0.000678123524		0.978521833212
2355		0.000532442828		0.980466786094
2356		0.000553764617		0.979437591079
2357		0.000516854787		0.979693212277
2358		0.000496038710		0.980012769083
2359		0.000585204821		0.979339670239
2360		0.000493473864		0.981772377254
2361		0.000517669530		0.982460787414
2362		0.000573272555		0.979510293451
2363		0.000522146193		0.981559191150
2364		0.000394111141		0.982806442614
2365		0.000444448129		0.982916960747
2366		0.000478138202		0.982158235228
2367		0.000591624396		0.978534395208
2368		0.000591086973		0.979290468819
2369		0.000550993492		0.980780027922
2370		0.000546935351		0.980477247182
2371		0.000487004222		0.981227980676
2372		0.000685934456		0.976330904937
2373		0.000562532031		0.979039668960
2374		0.000584093198		0.979860191401
2375		0.000531014576		0.981717500224
2376		0.000463175319		0.982135206646
2377		0.000469350741		0.981343380857
2378		0.000409822292		0.984737357492
2379		0.000596173568		0.979630107362
2380		0.000792186357		0.975446137480
2381		0.000683887474		0.973873519349
2382		0.000595303694		0.979718640130
2383		0.000539766327		0.980478288960
2384		0.000479121904		0.981218341244
2385		0.000525620371		0.979704741633
2386		0.000547590500		0.978957463059
2387		0.000636094126		0.976436149974
2388		0.000556680647		0.980303419682
2389		0.000459827244		0.983465381053
2390		0.000680850361		0.975294875030
2391		0.000651829482		0.977023298283
2392		0.000400810027		0.984333526554
2393		0.000687391995		0.973216303296
2394		0.000645486290		0.977887868521
2395		0.000550287462		0.978685173119
2396		0.000479480396		0.982659642229
2397		0.000487364939		0.982631357694
2398		0.000518577450		0.978920588692
2399		0.000618329744		0.977680291937
2400		0.000411713421		0.982471961986
2401		0.000467816226		0.980545452639
2402		0.000729912106		0.974089998105
2403		0.000630381569		0.977731011966
2404		0.000602066019		0.979267984057
2405		0.000613273277		0.978986863068
2406		0.000725678346		0.974761994540
2407		0.000594883135		0.977801328520
2408		0.000578831266		0.980075369816
2409		0.000621077664		0.975692672788
2410		0.000521918306		0.979046902034
2411		0.000561321624		0.980485109791
2412		0.000539438304		0.980204776291
2413		0.000525810982		0.979099588577
2414		0.000541260629		0.980075793953
2415		0.000394406534		0.983732790347
2416		0.000515620421		0.981938093766
2417		0.000448445975		0.982696427415
2418		0.000531831368		0.979833424677
2419		0.000426039210		0.983754177070
2420		0.000541259289		0.980374221508
2421		0.000535483607		0.978505472509
2422		0.000574970932		0.978891814734
2423		0.000453228856		0.982785886027
2424		0.000573205949		0.977712934367
2425		0.000580109194		0.979377949689
2426		0.000417019491		0.984074792966
2427		0.000615546845		0.978709429306
2428		0.000631707362		0.975990732269
2429		0.000586089007		0.980839335358
2430		0.000622734682		0.979944985540
2431		0.000519348505		0.976587545759
2432		0.000487228046		0.981828862306
2433		0.000604932514		0.981433102740
2434		0.000560565054		0.978330324774
2435		0.000518936559		0.980623126509
2436		0.000455738629		0.980099176552
2437		0.000546765651		0.979748750806
2438		0.000491452168		0.979500768983
2439		0.000690756250		0.976278789849
2440		0.000468510010		0.980437106678
2441		0.000462018412		0.981409445099
2442		0.000655708220		0.977684181516
2443		0.000836189020		0.973017230239
2444		0.000541851767		0.979623124823
2445		0.000546459514		0.981653088483
2446		0.000632188066		0.978859213878
